clear all
clc
syc=1;
syc_2=1;
iterasyon_caprazlama=0;
iterasyon_repeat_until=0;
iterasyon_mutasyon=0;

kayit=3000;

 x=[
0.000000	6.624678	3.214052	18.041940	13.225040	58.861610	18.129240	38.270560	16.672470	28.663570	13.159320	51.418540	19.907950	53.060040	8.571544	15.649530	12.081710	8.465247	49.177430	9.590747	15.036330	24.143610	10.232220	34.679680	17.394240	10.041640	3.994525	15.695560	57.864820	8.250677	7.184128	23.905490	14.577380	16.926400	26.586080	54.415820	34.194970	21.130600	54.006130	12.123850	27.637480	58.747170	20.312010	30.055530	31.433050	12.285330	10.442810	20.391530	23.010480	48.000030	47.123150	
6.624678	0.000000	6.859384	14.076250	19.804260	56.109830	15.228800	36.162270	11.369520	23.633140	19.509980	49.406060	23.278380	58.554400	3.832434	9.736508	10.579500	12.300070	53.229230	15.993380	10.225280	29.469000	6.710783	37.427420	23.775910	16.462510	7.114230	20.809030	62.534470	13.780180	13.807750	26.279760	8.597590	13.496690	29.454050	57.146120	34.610310	17.989980	58.710220	17.056030	25.591920	55.072670	13.698530	24.772670	27.373520	14.517870	17.047840	24.983210	22.248620	42.305600	48.101230	
3.214052	6.859384	0.000000	15.559660	13.689420	61.452440	20.509600	35.155380	14.860610	26.456180	15.023320	54.200830	17.278840	55.402110	9.931534	14.296590	9.114004	5.836604	46.934960	9.591778	13.031610	22.643140	12.182890	31.915630	19.112930	11.894840	7.103241	18.456570	55.953740	11.019400	8.416306	27.112430	13.328680	19.110680	29.759240	51.683890	37.348730	23.468560	56.724830	10.265320	30.345410	61.019480	20.176920	27.971270	33.490170	9.224488	11.710170	18.359110	25.967680	46.075600	44.014530	
18.041940	14.076250	15.559660	0.000000	28.127400	66.343830	27.381690	22.664260	4.705612	11.104500	30.536380	60.781230	21.395480	70.959960	17.055570	7.267771	7.331789	16.276370	49.499740	23.908530	4.231033	31.329640	19.860210	31.729570	34.530200	27.427570	20.554240	33.730140	60.098740	26.292550	23.817080	40.353550	7.854135	25.348850	43.493620	50.180600	48.221210	29.562930	72.030250	20.709310	37.730370	63.758530	15.427540	12.833750	36.651810	14.134350	27.001160	25.591560	35.523220	31.003870	38.204640	
13.225040	19.804260	13.689420	28.127400	0.000000	67.445860	28.931970	43.627070	28.328330	39.231730	6.487398	59.057080	17.344640	44.532040	21.566000	27.967760	20.854350	12.065420	41.318770	4.236064	26.384140	14.850870	22.565130	30.809240	8.105288	6.177252	14.965940	13.503100	48.350530	10.530390	6.259087	26.182650	27.015500	28.325600	27.309130	49.283760	38.778460	31.860590	47.755150	9.399318	36.546150	68.688190	33.500310	40.927980	42.528710	15.749490	3.973847	14.302350	30.714330	59.114870	46.048040	
58.861610	56.109830	61.452440	66.343830	67.445860	0.000000	41.007570	88.171410	61.682620	69.199160	61.918840	9.573469	78.716480	73.262320	52.289750	59.077970	66.277270	67.237120	107.827600	66.182180	62.343220	81.800600	49.546100	93.334050	64.001800	61.270980	55.064370	55.727930	115.724500	56.996050	62.356580	43.825020	58.542320	42.621360	45.081650	113.105800	31.668680	38.138520	65.126500	70.800380	31.288730	9.133620	51.697810	68.654470	29.700820	70.410430	63.495650	79.023470	36.752230	76.684090	103.885500	
18.129240	15.228800	20.509600	27.381690	28.931970	41.007570	0.000000	50.044720	23.196290	33.978040	25.102400	34.181530	37.786920	56.049000	11.399100	20.618830	25.689950	26.333500	67.304100	26.571410	23.151640	41.997740	8.562982	52.332650	28.664040	23.217020	14.636310	21.641870	75.899730	18.749710	22.968130	18.390320	19.729800	2.075425	22.033460	72.102210	21.654040	3.011340	53.480900	30.245150	10.460700	40.619290	16.793370	34.354320	13.610090	29.402910	25.063260	38.516750	8.885335	49.140210	63.316470	
38.270560	36.162270	35.155380	22.664260	43.627070	88.171410	50.044720	0.000000	26.982890	19.944040	48.291230	83.139950	28.328440	88.148220	39.505860	29.620940	26.279130	32.467490	43.483260	40.100270	26.895240	38.578610	42.386240	26.912020	51.488790	45.567400	41.664350	53.288630	54.792980	46.017940	41.790210	61.970370	30.394190	48.007740	64.819180	38.164060	70.716730	52.178560	90.984430	34.260550	60.367770	84.741210	36.474160	21.232980	58.555770	28.156200	44.281600	33.461120	58.118200	29.570890	22.277210	
16.672470	11.369520	14.860610	4.705612	28.328330	61.682620	23.196290	26.982890	0.000000	12.263990	29.739390	56.240720	24.441400	69.648660	13.638090	2.642842	8.977612	17.234370	53.388670	24.109680	2.061787	33.654910	16.227020	35.855210	33.908290	26.598850	18.382340	31.999580	63.775710	24.729260	23.265270	37.333920	3.472010	21.134580	40.629540	54.612830	44.405040	25.214980	70.062260	22.125440	33.418450	59.052930	10.795990	13.464680	31.983640	16.255280	26.568990	28.114560	31.601660	31.329350	42.888690	
28.663570	23.633140	26.456180	11.104500	39.231730	69.199160	33.978040	19.944040	12.263990	0.000000	41.479380	64.962280	30.877670	81.723540	25.684240	14.197600	18.406800	27.339120	56.330530	35.012780	13.650660	41.417910	28.055040	38.223530	45.536380	38.349960	30.627490	44.186780	67.405590	36.844550	34.813550	49.397420	15.318700	31.913390	52.760030	54.607330	55.596200	35.466670	82.318080	31.594830	43.577350	65.210240	18.077870	2.057213	40.007480	24.811890	38.037360	35.587510	42.750740	19.924360	40.357920	
13.159320	19.509980	15.023320	30.536380	6.487398	61.918840	25.102400	48.291230	29.739390	41.479380	0.000000	53.297320	23.393830	40.546200	20.115390	28.808640	23.674160	15.851480	47.625000	8.398512	27.997440	21.209240	20.266260	37.226690	4.266861	3.141111	13.058030	7.036264	54.255710	6.581163	6.768874	19.822370	27.735410	24.905280	20.829360	55.770080	32.554760	27.854860	42.693210	14.835520	31.512160	63.680630	32.831600	42.984160	38.440800	20.141750	4.031512	20.731250	25.420960	61.048310	52.246640	
51.418540	49.406060	54.200830	60.781230	59.057080	9.573469	34.181530	83.139950	56.240720	64.962280	53.297320	0.000000	71.322000	63.850140	45.579320	53.599360	59.852180	59.875980	99.901730	58.112700	56.639190	73.639370	42.712690	86.089900	55.128480	52.887350	47.506350	46.881290	107.407600	48.749250	54.277290	34.658590	52.927990	36.001080	35.708880	105.834400	22.233520	31.536380	55.954560	63.098130	23.887180	16.264770	46.985640	64.678270	24.984800	63.336850	55.151250	71.223820	28.661970	74.727690	97.497250	
19.907950	23.278380	17.278840	21.395480	17.344640	78.716480	37.786920	28.328440	24.441400	30.877670	23.393830	71.322000	0.000000	60.791870	26.894770	25.748040	15.647290	11.480110	29.996360	15.259780	22.498580	10.865690	29.387190	14.838100	25.410680	21.608010	23.821860	29.942310	39.722050	24.221730	18.553560	41.638020	25.389290	36.348160	43.465740	34.518230	53.281650	40.737980	64.846190	8.884486	47.538480	78.227940	33.998680	32.905140	50.596010	8.921691	19.585860	5.221116	42.820140	50.014140	28.879010	
53.060040	58.554400	55.402110	70.959960	44.532040	73.262320	56.049000	88.148220	69.648660	81.723540	40.546200	63.850140	60.791870	0.000000	57.678220	68.283200	64.216540	56.166050	73.097500	48.238110	68.088880	53.064480	56.397450	71.070120	36.863420	43.593190	51.442780	37.751840	73.860480	44.919400	47.314670	38.120330	67.148850	57.207770	34.685160	85.107670	44.233720	57.332000	10.551960	53.888210	54.833240	79.508660	70.080790	83.092670	64.803410	60.198580	44.354770	56.315540	49.688820	100.857300	87.410870	
8.571544	3.832434	9.931534	17.055570	21.566000	52.289750	11.399100	39.505860	13.638090	25.684240	20.115390	45.579320	26.894770	57.678220	0.000000	11.486640	14.339280	15.676060	56.763770	18.137550	12.940780	32.480080	2.941253	41.181890	24.332510	17.288480	7.057554	20.080230	65.882770	13.795300	15.332630	23.724140	10.370660	9.670192	27.077170	60.920170	31.215980	14.161430	57.172960	20.173760	21.784240	51.359080	12.825890	26.589070	23.701250	18.238680	18.331960	28.287930	18.663870	43.511310	51.922000	
15.649530	9.736508	14.296590	7.267771	27.967760	59.077970	20.618830	29.620940	2.642842	14.197600	28.808640	53.599360	25.748040	68.283200	11.486640	0.000000	10.100770	17.518810	55.106430	23.809320	3.577352	34.453100	13.918240	37.782640	33.036510	25.686060	16.850100	30.543790	65.327960	23.434190	22.556450	35.204010	1.146143	18.551360	38.562930	56.759240	41.928560	22.592490	68.368200	22.542630	30.799860	56.543170	8.606453	15.153350	29.384260	17.204580	25.877140	29.076440	29.101610	32.574150	45.335050	
12.081710	10.579500	9.114004	7.331789	20.854350	66.277270	25.689950	26.279130	8.977612	18.406800	23.674160	59.852180	15.647290	64.216540	14.339280	10.100770	0.000000	8.944642	45.172790	16.657310	6.952285	24.686940	17.266300	28.215100	27.530170	20.629880	15.386620	27.567060	55.268390	20.133370	16.905850	35.698440	9.777566	23.852990	38.547350	47.620370	44.977830	28.331690	65.806880	13.474080	36.115210	64.689160	18.448610	20.164390	37.018920	7.280475	19.973380	19.139540	32.790690	38.324340	37.666530	
8.465247	12.300070	5.836604	16.276370	12.065420	67.237120	26.333500	32.467490	17.234370	27.339120	15.851480	59.875980	11.480110	56.166050	15.676060	17.518810	8.944642	0.000000	41.112670	7.993812	15.187240	17.385750	18.014230	26.216250	19.302670	13.105210	12.429640	21.047410	50.246380	14.171950	9.347071	31.386600	16.786330	24.947260	33.665890	45.961010	42.374840	29.299480	58.531820	5.067740	36.066330	66.855840	24.683480	29.108810	39.310270	4.459963	11.879160	12.683610	31.462900	47.261840	38.965820	
49.177430	53.229230	46.934960	49.499740	41.318770	107.827600	67.304100	43.483260	53.388670	56.330530	47.625000	99.901730	29.996360	73.097500	56.763770	55.106430	45.172790	41.112670	0.000000	41.797090	51.636710	26.470640	59.116920	18.108740	47.293270	47.336220	52.833700	54.624250	11.334700	51.232980	45.630250	67.446930	54.917300	66.018790	68.257770	13.252100	80.096760	70.300380	80.510300	37.089010	76.542660	107.912700	63.606390	58.345320	80.422650	38.902850	45.037900	28.826970	71.253460	72.259090	25.155750	
9.590747	15.993380	9.591778	23.908530	4.236064	66.182180	26.571410	40.100270	24.109680	35.012780	8.398512	58.112700	15.259780	48.238110	18.137550	23.809320	16.657310	7.993812	41.797090	0.000000	22.156730	15.633310	19.495010	29.608720	11.407550	6.348703	12.062480	14.685340	49.615010	9.501894	3.835732	26.607120	22.879280	25.721340	28.254140	48.733980	38.717080	29.563350	50.946040	6.489795	34.984070	66.891640	29.630730	36.699300	40.157380	11.981250	4.407797	13.433700	29.489200	54.886570	44.127740	
15.036330	10.225280	13.031610	4.231033	26.384140	62.343220	23.151640	26.895240	2.061787	13.650660	27.997440	56.639190	22.498580	68.088880	12.940780	3.577352	6.952285	15.187240	51.636710	22.156730	0.000000	31.610470	15.694280	34.234780	32.132150	24.857050	17.046030	30.541250	61.941930	23.194870	21.447900	36.449370	3.823366	21.121050	39.666380	53.181890	44.037020	25.353130	68.725570	20.065860	33.510120	59.988370	12.177850	15.021790	32.686630	14.219540	24.735530	26.090830	31.313550	33.054400	41.859960	
24.143610	29.469000	22.643140	31.329640	14.850870	81.800600	41.997740	38.578610	33.654910	41.417910	21.209240	73.639370	10.865690	53.064480	32.480080	34.453100	24.686940	17.385750	26.470640	15.633310	31.610470	0.000000	34.375230	18.089890	21.343980	20.881380	27.363250	28.237130	33.987770	24.890580	19.447220	41.012200	33.859860	40.980630	41.973670	34.940880	53.626690	45.006370	58.432330	12.423670	50.617380	82.475430	42.025880	43.414330	55.493600	17.407910	18.585470	5.834697	45.075680	60.787750	34.371250	
10.232220	6.710783	12.182890	19.860210	22.565130	49.546100	8.562982	42.386240	16.227020	28.055040	20.266260	42.712690	29.387190	56.397450	2.941253	13.918240	17.266300	18.014230	59.116920	19.495010	15.694280	34.375230	0.000000	43.827370	24.360350	17.686450	7.603405	19.203200	68.027250	13.721970	16.316470	21.406900	12.847270	6.968008	24.861010	63.588300	28.364150	11.413970	55.424550	22.248540	18.882100	48.850150	13.686920	28.834500	21.315780	20.879140	19.042860	30.466840	15.748130	45.323220	54.807690	
34.679680	37.427420	31.915630	31.729570	30.809240	93.334050	52.332650	26.912020	35.855210	38.223530	37.226690	86.089900	14.838100	71.070120	41.181890	37.782640	28.215100	26.216250	18.108740	29.608720	34.234780	18.089890	43.827370	0.000000	38.430210	35.887670	38.624320	44.087290	29.232240	38.882020	33.146110	56.204960	37.730820	50.789240	57.817320	19.772660	68.056720	55.237560	76.503880	23.539620	62.257590	92.490810	46.379020	40.241150	64.775000	22.951750	33.717090	16.506890	57.643240	54.626640	16.356860	
17.394240	23.775910	19.112930	34.530200	8.105288	64.001800	28.664040	51.488790	33.908290	45.536380	4.266861	55.128480	25.410680	36.863420	24.332510	33.036510	27.530170	19.302670	47.293270	11.407550	32.132150	21.343980	24.360350	38.430210	0.000000	7.352619	17.281170	8.274940	53.136040	10.640790	10.722850	20.812260	31.970710	28.638030	21.084770	56.274590	33.724670	31.300680	39.681520	17.423260	34.254950	66.260950	37.078410	47.080470	41.755020	23.388800	7.556932	22.016820	28.016920	65.185050	53.968660	
10.041640	16.462510	11.894840	27.427570	6.177252	61.270980	23.217020	45.567400	26.598850	38.349960	3.141111	52.887350	21.608010	43.593190	17.288480	25.686060	20.629880	13.105210	47.336220	6.348703	24.857050	20.881380	17.686450	35.887670	7.352619	0.000000	10.258000	8.346448	54.522220	4.497310	3.795870	20.428660	24.618430	22.811940	21.934350	54.838420	32.806760	26.077760	45.469620	12.798700	30.427330	62.597000	29.901060	39.847240	36.737930	17.493960	2.298691	19.550130	24.548140	57.907320	50.470740	
3.994525	7.114230	7.103241	20.554240	14.965940	55.064370	14.636310	41.664350	18.382340	30.627490	13.058030	47.506350	23.821860	51.442780	7.057554	16.850100	15.386620	12.429640	52.833700	12.062480	17.046030	27.363250	7.603405	38.624320	17.281170	10.258000	0.000000	13.694960	61.271560	6.834550	8.728051	20.314420	15.711800	13.672960	23.189640	58.339990	30.245620	17.646440	51.692700	15.750760	23.793540	55.197030	19.815040	31.833720	28.154020	16.270890	11.463510	24.006980	19.033260	49.419480	51.100600	
15.695560	20.809030	18.456570	33.730140	13.503100	55.727930	21.641870	53.288630	31.999580	44.186780	7.036264	46.881290	29.942310	37.751840	20.080230	30.543790	27.567060	21.047410	54.624250	14.685340	30.541250	28.237130	19.203200	44.087290	8.274940	8.346448	13.694960	0.000000	61.029510	7.456699	11.795070	12.861580	29.406380	22.001770	13.809070	62.779190	25.701410	24.014780	38.311550	21.145060	26.180840	58.055080	32.773010	45.464260	34.163930	25.502320	10.391960	27.638400	19.894460	63.114430	58.813000	
57.864820	62.534470	55.953740	60.098740	48.350530	115.724500	75.899730	54.792980	63.775710	67.405590	54.255710	107.407600	39.722050	73.860480	65.882770	65.327960	55.268390	50.246380	11.334700	49.615010	61.941930	33.987770	68.027250	29.232240	53.136040	54.522220	61.271560	61.029510	0.000000	58.732830	53.414810	73.860690	65.045310	74.788510	74.188340	21.062990	86.730930	78.911070	82.285490	45.778720	84.594040	116.445800	73.695850	69.434710	89.297750	48.605610	52.266750	37.594920	78.973630	83.582950	35.669520	
8.250677	13.780180	11.019400	26.292550	10.530390	56.996050	18.749710	46.017940	24.729260	36.844550	6.581163	48.749250	24.221730	44.919400	13.795300	23.434190	20.133370	14.171950	51.232980	9.501894	23.194870	24.890580	13.721970	38.882020	10.640790	4.497310	6.834550	7.456699	58.732830	0.000000	5.757009	17.436080	22.313330	18.417580	19.517400	58.178460	29.248930	21.592130	45.765900	15.362580	26.017340	58.160110	26.610320	38.178010	32.247160	18.609530	6.556745	22.914490	20.243970	55.981330	52.806480	
7.184128	13.807750	8.416306	23.817080	6.259087	62.356580	22.968130	41.790210	23.265270	34.813550	6.768874	54.277290	18.553560	47.314670	15.332630	22.556450	16.905850	9.347071	45.630250	3.835732	21.447900	19.447220	16.316470	33.146110	10.722850	3.795870	8.728051	11.795070	53.414810	5.757009	0.000000	23.092100	21.531940	22.232960	24.957310	52.421890	35.005380	25.939670	49.264210	9.670429	31.179310	63.143140	27.482200	36.364350	36.576520	13.768990	3.320708	17.171900	25.654660	54.487190	47.280880	
23.905490	26.279760	27.112430	40.353550	26.182650	43.825020	18.390320	61.970370	37.333920	49.397420	19.822370	34.658590	41.638020	38.120330	23.724140	35.204010	35.698440	31.386600	67.446930	26.607120	36.449370	41.012200	21.406900	56.204960	20.812260	20.428660	20.314420	12.861580	73.860690	17.436080	23.092100	0.000000	34.093650	19.879330	3.647458	75.266990	12.912830	19.304970	35.090680	32.760050	17.315390	47.154680	34.198320	50.233370	27.011490	35.728460	22.688600	39.970070	11.637250	66.503750	70.224470	
14.577380	8.597590	13.328680	7.854135	27.015500	58.542320	19.729800	30.394190	3.472010	15.318700	27.735410	52.927990	25.389290	67.148850	10.370660	1.146143	9.777566	16.786330	54.917300	22.879280	3.823366	33.859860	12.847270	37.730820	31.970710	24.618430	15.711800	29.406380	65.045310	22.313330	21.531940	34.093650	0.000000	17.670750	37.442210	56.839040	40.946380	21.784870	67.222150	21.835330	29.980040	56.168160	8.690105	16.294850	28.873620	16.725440	24.851650	28.558320	28.135420	33.709100	45.678170	
16.926400	13.496690	19.110680	25.348850	28.325600	42.621360	2.075425	48.007740	21.134580	31.913390	24.905280	36.001080	36.348160	57.207770	9.670192	18.551360	23.852990	24.947260	66.018790	25.721340	21.121050	40.980630	6.968008	50.789240	28.638030	22.811940	13.672960	22.001770	74.788510	18.417580	22.232960	19.879330	17.670750	0.000000	23.526020	70.545720	23.701360	4.494670	54.937580	29.041480	12.420090	41.909440	14.848430	32.306390	14.517000	27.838220	24.535740	37.296770	10.896090	47.249630	61.511390	
26.586080	29.454050	29.759240	43.493620	27.309130	45.081650	22.033460	64.819180	40.629540	52.760030	20.829360	35.708880	43.465740	34.685160	27.077170	38.562930	38.547350	33.665890	68.257770	28.254140	39.666380	41.973670	24.861010	57.817320	21.084770	21.934350	23.189640	13.809070	74.188340	19.517400	24.957310	3.647458	37.442210	23.526020	0.000000	76.588260	13.497450	22.887650	31.448130	34.590290	20.348590	49.008930	37.796440	53.645050	30.214330	38.076310	24.105850	41.415740	15.004920	70.057370	72.237700	
54.415820	57.146120	51.683890	50.180600	49.283760	113.105800	72.102210	38.164060	54.612830	54.607330	55.770080	105.834400	34.518230	85.107670	60.920170	56.759240	47.620370	45.961010	13.252100	48.733980	53.181890	34.940880	63.588300	19.772660	56.274590	54.838420	58.339990	62.779190	21.062990	58.178460	52.421890	75.266990	56.839040	70.545720	76.588260	0.000000	87.427270	75.001030	91.938390	42.993310	82.019900	112.167600	65.349240	56.471500	84.446600	42.709160	52.586340	35.310440	77.328450	67.734930	16.396420	
34.194970	34.610310	37.348730	48.221210	38.778460	31.668680	21.654040	70.716730	44.405040	55.596200	32.554760	22.233520	53.281650	44.233720	31.215980	41.928560	44.977830	42.374840	80.096760	38.717080	44.037020	53.626690	28.364150	68.056720	33.724670	32.806760	30.245620	25.701410	86.730930	29.248930	35.005380	12.912830	40.946380	23.701360	13.497450	87.427270	0.000000	20.652930	38.250920	44.520860	13.772740	36.177150	38.323640	56.006970	23.020840	46.461580	35.102580	52.149820	12.851880	70.347580	81.297910	
21.130600	17.989980	23.468560	29.562930	31.860590	38.138520	3.011340	52.178560	25.214980	35.466670	27.854860	31.536380	40.737980	57.332000	14.161430	22.592490	28.331690	29.299480	70.300380	29.563350	25.353130	45.006370	11.413970	55.237560	31.300680	26.077760	17.646440	24.014780	78.911070	21.592130	25.939670	19.304970	21.784870	4.494670	22.887650	75.001030	20.652930	0.000000	54.243110	33.249940	8.211650	37.616660	17.761420	35.687660	10.670340	32.292220	27.969350	41.520740	8.497217	49.712730	65.995350	
54.006130	58.710220	56.724830	72.030250	47.755150	65.126500	53.480900	90.984430	70.062260	82.318080	42.693210	55.954560	64.846190	10.551960	57.172960	68.368200	65.806880	58.531820	80.510300	50.946040	68.725570	58.432330	55.424550	76.503880	39.681520	45.469620	51.692700	38.311550	82.285490	45.765900	49.264210	35.090680	67.222150	54.937580	31.448130	91.938390	38.250920	54.243110	0.000000	57.104500	50.368490	71.993920	68.861330	83.480660	60.344250	62.831950	46.705910	60.852280	46.027770	100.679300	92.661750	
12.123850	17.056030	10.265320	20.709310	9.399318	70.800380	30.245150	34.260550	22.125440	31.594830	14.835520	63.098130	8.884486	53.888210	20.173760	22.542630	13.474080	5.067740	37.089010	6.489795	20.065860	12.423670	22.248540	23.539620	17.423260	12.798700	15.750760	21.145060	45.778720	15.362580	9.670429	32.760050	21.835330	29.041480	34.590290	42.993310	44.520860	33.249940	57.104500	0.000000	39.515240	70.864300	29.737680	33.450420	43.533210	6.912383	10.890050	8.272422	34.462580	51.483160	37.685760	
27.637480	25.591920	30.345410	37.730370	36.546150	31.288730	10.460700	60.367770	33.418450	43.577350	31.512160	23.887180	47.538480	54.833240	21.784240	30.799860	36.115210	36.066330	76.542660	34.984070	33.510120	50.617380	18.882100	62.257590	34.254950	30.427330	23.793540	26.180840	84.594040	26.017340	31.179310	17.315390	29.980040	12.420090	20.348590	82.019900	13.772740	8.211650	50.368490	39.515240	0.000000	32.186970	25.686840	43.720640	10.007890	39.455090	32.572400	47.734750	6.311048	57.029460	73.688420	
58.747170	55.072670	61.019480	63.758530	68.688190	9.133620	40.619290	84.741210	59.052930	65.210240	63.680630	16.264770	78.227940	79.508660	51.359080	56.543170	64.689160	66.855840	107.912700	66.891640	59.988370	82.475430	48.850150	92.490810	66.260950	62.597000	55.197030	58.055080	116.445800	58.160110	63.143140	47.154680	56.168160	41.909440	49.008930	112.167600	36.177150	37.616660	71.993920	70.864300	32.186970	0.000000	48.547160	64.427960	27.721130	69.585080	64.715900	79.136030	38.284120	70.656470	101.845600	
20.312010	13.698530	20.176920	15.427540	33.500310	51.697810	16.793370	36.474160	10.795990	18.077870	32.831600	46.985640	33.998680	70.080790	12.825890	8.606453	18.448610	24.683480	63.606390	29.630730	12.177850	42.025880	13.686920	46.379020	37.078410	29.901060	19.815040	32.773010	73.695850	26.610320	27.482200	34.198320	8.690105	14.848430	37.796440	65.349240	38.323640	17.761420	68.861330	29.737680	25.686840	48.547160	0.000000	18.062910	22.142640	25.220600	30.681110	36.924900	25.669420	32.432850	53.620140	
30.055530	24.772670	27.971270	12.833750	40.927980	68.654470	34.354320	21.232980	13.464680	2.057213	42.984160	64.678270	32.905140	83.092670	26.589070	15.153350	20.164390	29.108810	58.345320	36.699300	15.021790	43.414330	28.834500	40.241150	47.080470	39.847240	31.833720	45.464260	69.434710	38.178010	36.364350	50.233370	16.294850	32.306390	53.645050	56.471500	56.006970	35.687660	83.480660	33.450420	43.720640	64.427960	18.062910	0.000000	39.694470	26.709110	39.614700	37.587170	43.189070	18.187290	42.052010	
31.433050	27.373520	33.490170	36.651810	42.528710	29.700820	13.610090	58.555770	31.983640	40.007480	38.440800	24.984800	50.596010	64.803410	23.701250	29.384260	37.018920	39.310270	80.422650	40.157380	32.686630	55.493600	21.315780	64.775000	41.755020	36.737930	28.154020	34.163930	89.297750	32.247160	36.576520	27.011490	28.873620	14.517000	30.214330	84.446600	23.020840	10.670340	60.344250	43.533210	10.007890	27.721130	22.142640	39.694470	0.000000	41.891370	38.639640	51.772920	15.439000	50.572000	74.406840	
12.285330	14.517870	9.224488	14.134350	15.749490	70.410430	29.402910	28.156200	16.255280	24.811890	20.141750	63.336850	8.921691	60.198580	18.238680	17.204580	7.280475	4.459963	38.902850	11.981250	14.219540	17.407910	20.879140	22.951750	23.388800	17.493960	16.270890	25.502320	48.605610	18.609530	13.768990	35.728460	16.725440	27.838220	38.076310	42.709160	46.461580	32.292220	62.831950	6.912383	39.455090	69.585080	25.220600	26.709110	41.891370	0.000000	16.126390	11.884980	35.191040	44.650830	34.840890	
10.442810	17.047840	11.710170	27.001160	3.973847	63.495650	25.063260	44.281600	26.568990	38.037360	4.031512	55.151250	19.585860	44.354770	18.331960	25.877140	19.973380	11.879160	45.037900	4.407797	24.735530	18.585470	19.042860	33.717090	7.556932	2.298691	11.463510	10.391960	52.266750	6.556745	3.320708	22.688600	24.851650	24.535740	24.105850	52.586340	35.102580	27.969350	46.705910	10.890050	32.572400	64.715900	30.681110	39.614700	38.639640	16.126390	0.000000	17.323290	26.754630	57.756750	48.464850	
20.391530	24.983210	18.359110	25.591560	14.302350	79.023470	38.516750	33.461120	28.114560	35.587510	20.731250	71.223820	5.221116	56.315540	28.287930	29.076440	19.139540	12.683610	28.826970	13.433700	26.090830	5.834697	30.466840	16.506890	22.016820	19.550130	24.006980	27.638400	37.594920	22.914490	17.171900	39.970070	28.558320	37.296770	41.415740	35.310440	52.149820	41.520740	60.852280	8.272422	47.734750	79.136030	36.924900	37.587170	51.772920	11.884980	17.323290	0.000000	42.563620	54.963710	32.001910	
23.010480	22.248620	25.967680	35.523220	30.714330	36.752230	8.885335	58.118200	31.601660	42.750740	25.420960	28.661970	42.820140	49.688820	18.663870	29.101610	32.790690	31.462900	71.253460	29.489200	31.313550	45.075680	15.748130	57.643240	28.016920	24.548140	19.033260	19.894460	78.973630	20.243970	25.654660	11.637250	28.135420	10.896090	15.004920	77.328450	12.851880	8.497217	46.027770	34.462580	6.311048	38.284120	25.669420	43.189070	15.439000	35.191040	26.754630	42.563620	0.000000	57.953210	69.880600	
48.000030	42.305600	46.075600	31.003870	59.114870	76.684090	49.140210	29.570890	31.329350	19.924360	61.048310	74.727690	50.014140	100.857300	43.511310	32.574150	38.324340	47.261840	72.259090	54.886570	33.054400	60.787750	45.323220	54.626640	65.185050	57.907320	49.419480	63.114430	83.582950	55.981330	54.487190	66.503750	33.709100	47.249630	70.057370	67.734930	70.347580	49.712730	100.679300	51.483160	57.029460	70.656470	32.432850	18.187290	50.572000	44.650830	57.756750	54.963710	57.953210	0.000000	51.728230	
47.123150	48.101230	44.014530	38.204640	46.048040	103.885500	63.316470	22.277210	42.888690	40.357920	52.246640	97.497250	28.879010	87.410870	51.922000	45.335050	37.666530	38.965820	25.155750	44.127740	41.859960	34.371250	54.807690	16.356860	53.968660	50.470740	51.100600	58.813000	35.669520	52.806480	47.280880	70.224470	45.678170	61.511390	72.237700	16.396420	81.297910	65.995350	92.661750	37.685760	73.688420	101.845600	53.620140	42.052010	74.406840	34.840890	48.464850	32.001910	69.880600	51.728230	0.000000
];
tic()

for caprazlama=35:5:50 %caprazlama artýmýnýn saglanmasý
        
        
    for mutasyon=2.5:2.5:7.5 %mutasyon artým döngüsü

    for tekrar2=1:30 %her kombinasyon için 30 defa tekrar iþlemi yapýllýr
    %bu kod repat until kýsmýdýr
    repeat_until=0;
    tic()


yol_2=0;
kr_maliyet=0;
sart=10; %repeat until döngüsünün þartýdýr kullanýcý girmelidir
ck=100; %çözüm kümesi eleman sayýsý



mesafe=x;
    [satir,sutun] = size(mesafe);
%     sutun=10;
    %çözüm kümesi sayýsý "ck"ya göre çözüm kümesi matrisi oluþturuyoruz
    i=0;
%     while i~=ck
%         i=i+1;
%     uzunluk=length(genetic_algorithm(sutun));
%     on_yol=genetic_algorithm(sutun);
%         for j=1:uzunluk
%             yol(i,j)=on_yol(j);
%         end
%     end
    for cozum_kumesi_sayisi=1:ck
        yol(cozum_kumesi_sayisi,:)=randperm(sutun-1)+1;
    end
    
    %oluþturulan yollarýn baþýna ve sonuna 1 eklemeliyiz
    %çünkü a noktasýndan baþlayoruz
    for i=1:size(yol,1)
        for j=1:size(yol,2)
            yol_2(i,j+1)=yol(i,j); 
            yol_2(i,1)=1;
        end
    end
    
    
    %bu kod satýrý yol matrisinin sonuna 1 ekler
    %tüm noktalara ugradýktan sonra 1. noktaya geri döndügümüz için
    sutun=size(yol_2,2)+1;
    for i=1:size(yol_2)
            yol_2(i,sutun)=1;
    end
    yol_2;
    
    
    
    
    
    while repeat_until<=10000 %sart~=0
        repeat_until=repeat_until+1;
        iterasyon_repeat_until=iterasyon_repeat_until+1;
                                 %ÇAPRAZLAMA KOD BAÞLANGICI
 %------------------------------------------------------------------------------------------------------------
        for capraz=1:caprazlama
            iterasyon_caprazlama=iterasyon_caprazlama+1;
            yol_2;
                %bu kod satýrýnda maliyet hesabý yapýlýr

                for i=1:size(yol_2,1)
                    kr_maliyet(i,1)=0;
                end
                for i=1:size(yol_2,1)
                    for j=1:size(yol_2,2)-1
                        kr_maliyet(i,1)=kr_maliyet(i,1)+mesafe(yol_2(i,j),yol_2(i,j+1));
                    end
                end
                toplam_maliyet=0;
                %bu kýsýmda 1 i maliyetlere bölüp
                %bulunan bu double sayýlarý topladýk
                for j=1:size(kr_maliyet,1)
                    toplam_maliyet=toplam_maliyet+1/kr_maliyet(j,1);
                end

                %bu kýsmda her bir kromozoma ne kadarlýk açý düþüyor onu
                %hesaplattýk
                for i=1:size(kr_maliyet,1)
                    kr_maliyet(i,2)=360/(kr_maliyet(i,1)*toplam_maliyet);
                end
                
                %çözüm kümesi elemaný sayýsýnca random sayý üretilecek birbirinden
                %farklý
                sayi=randi([1 359],1,2);

                %burada hangi yukarýdan aþagý kromozomlarýn baþladýgý açýlarý
                %3. sutüna ekledik
                for i=1:size(kr_maliyet,1)
                    kr_maliyet(i,3)=0;
                end
        %         kr_maliyet(1,3)=kr_maliyet(1,2);
                for j=2:size(kr_maliyet,1)
                    kr_maliyet(j,3)=kr_maliyet(j-1,3)+kr_maliyet(j,2);
                end

                %burada random seçilen açýnýn hangi kromozoma isabet ettigini
                %bulduk
                
                for j=1:2
                    for i=1:size(kr_maliyet,1)-1
                       if sayi(j)>=kr_maliyet(i,3) && sayi(j)<=kr_maliyet(i+1,3)
                           k(j)=i;
                       end
                    end
                end
                
                %kr_maliyet matrisinden kaynaklý 10 kromozoma isabet eden oku
                %belirleyemedgi için manuel belirleme yapýldý
                if length(k)==1
                   k(2)=size(kr_maliyet,1)-1; 
                end
                k;
                %bulunan kromozomlar yol_2 matrisinden çekilir ve çaprazlamasý
                %yapýlýr

                %kromozomu kesmek için random sayý alýyorum
                kesim_noktasi=randi([2 size(yol_2,2)-2],1);
                %yeni kromozomun kesim noktasýndan sonrasý yazýlýr
                s=(size(yol_2,1)+1);
                for i=kesim_noktasi+1:size(yol_2,2)
                    yol_2(s,i)=yol_2(k(2),i);
                end
                yol_2(s,1)=1;
                %çaprazlama ile oluþturulacak olan yeni kromozomun
                %kesim noktasýndan önceki genleri yazýcak olan kod satýrý
                sayac=0;
                tekrar=1;
                for i=2:size(yol_2,2)
                    tekrar=tekrar+1;
                    g=yol_2(k(1),i);
                    for j=kesim_noktasi+1:size(yol_2,2)
                        g_2=yol_2(k(2),j);
                        if g==g_2
                            sayac=sayac+1;
                        end
                    end
                    if sayac==0
                        yol_2(s,tekrar)=yol_2(k(1),i);
                    else
                        tekrar=tekrar-1;
                    end
                    sayac=0;
                end
                
                %ogul 2 ninde yazdýrýlmasý
                %yeni kromozomun kesim noktasýndan sonrasý yazýlýr
                s=(size(yol_2,1)+1);
                for i=kesim_noktasi+1:size(yol_2,2)
                    yol_2(s,i)=yol_2(k(1),i);
                end
                yol_2(s,1)=1;
                %çaprazlama ile oluþturulacak olan yeni kromozomun
                %kesim noktasýndan önceki genleri yazýcak olan kod satýrý
                sayac=0;
                tekrar=1;
                for i=2:size(yol_2,2)
                    tekrar=tekrar+1;
                    g=yol_2(k(2),i);
                    for j=kesim_noktasi+1:size(yol_2,2)
                        g_2=yol_2(k(1),j);
                        if g==g_2
                            sayac=sayac+1;
                        end
                    end
                    if sayac==0
                        yol_2(s,tekrar)=yol_2(k(2),i);
                    else
                        tekrar=tekrar-1;
                    end
                    sayac=0;
                end
                
                
                yol_2;
                              
        %eger ogul kromozom diger kromozomlarla ayný ise yeniden
        %ogul kromozom isteriz taki farklý sonuç elde edene kadar
%         sayac_kr=0;
%         k_sutun=size(yol_2,2)-2;
%         satir_sayisi_2=size(yol_2,1);
%         satir_sayisi=size(yol_2,1)-1;
%         sutun_sayisi=size(yol_2,2)-1;
%         p=1;
%         r=2;
%         while satir_sayisi~=p
%             if sutun_sayisi==r
%                 r=2;
%             end
%             while sutun_sayisi~=r
%                 if yol_2(satir_sayisi_2,r)==yol_2(p,r)
%                     sayac_kr=sayac_kr+1;
%                 end
%                 r=r+1;
%             end
%             if k_sutun==sayac_kr
%                 sayac_kr=0;
%                 yol_2(satir_sayisi_2,:)=[];
%                 satir_sayisi=satir_sayisi-1;
%                 satir_sayisi_2=satir_sayisi_2-1;
%                 caprazlama=caprazlama+1;
%             end
%             sayac_kr=0;
%             p=p+1;
%         end
        
        
        
%         caprazlama=caprazlama-1;
        end
%         if caprazlama==0
%             caprazlama=caprazlama2;
%         end
                              %ÇAPRAZLAMA KOD SONU
 %---------------------------------------------------------------------------------------------------------
        
                                %MUTASYON
 %--------------------------------------------------------------------------------------------------------       
        for k=1:round(mutasyon)
            k;
            iterasyon_mutasyon=iterasyon_mutasyon+1;
            %çözümlerin yüzde 10'unu mutasyona ugratýyorum
            %mutasyona hazýrlýk
            %önce 1 random sayý ile 1 kromozom seçilecek
            %daha sonra 2 random sayý ile 2 gen seçilecek ve yer degiþtirilecek

            %birinci adým kromozom seçimi için random sayý hazýrlama
            mustasyon_kromozomu=randi([1 size(yol_2,1)],1);
            
            %ikinci adým 2 adet birbirinden farklý  sayý üretmek, 2 geni
            %çaprazlamak için
            g=[0 0];

            while g(1)==g(2)
                g(2)=randi([2 (size(yol_2,2)-1)],1);
                pause(0.001);
                g(1)=randi([2 (size(yol_2,2)-1)],1);
            end
            ss=size(yol_2,1)+1;
            g_1=yol_2(mustasyon_kromozomu,g(1));
            g_2=yol_2(mustasyon_kromozomu,g(2));
            for i=1:size(yol_2,2)
                yol_2(ss,i)=yol_2(mustasyon_kromozomu,i);
            end
            yol_2(size(yol_2,1),g(1))=g_2;
            yol_2(size(yol_2,1),g(2))=g_1;
            
            %2. mutasyon faktörünü döngüye ekliyorum
            %random sayýya baglý olarak kendi kromozomu kendi etrafýnda
            %çevirme
%             mustasyon_kromozomu2=randi([1 size(yol_2,1)],1);
%             
%             n=1;
%             ss=size(yol_2,1)+1;
%             for i=size(yol_2,2):-1:1
%                 yol_2(ss,n)=yol_2(mustasyon_kromozomu2,i);
%                 n=n+1;
%             end
            

                                                %MUTASYON SONU
%----------------------------------------------------------------------------------------------------------------
            %bu kod satýrýnda maliyet hesabý yapýlýr
            for i=1:size(yol_2,1)
                kr_maliyet(i,1)=0;
                for j=1:size(yol_2,2)-1
                    kr_maliyet(i,1)=kr_maliyet(i,1)+mesafe(yol_2(i,j),yol_2(i,j+1));
                end
            end
            
        end %mutasyon sonu
        

        stn=size(yol_2,2)+1;
        %iþ kolaylýgý için maliyet ve yol matrislerini birleþtiriyoruz
        for i=1:size(yol_2,1)
            yol_2(i,stn)=kr_maliyet(i,1);
        end   
%         yol_2
                                    %DOGAL SELEKSÝYON
%-----------------------------------------------------------------------------------------------------------------
        %bu kýsým dogal seleksiyon kodlarýný içerir
        for i=1:size(yol_2,1)
            for j=1:size(yol_2,1)
                if yol_2(i,size(yol_2,2))<yol_2(j,size(yol_2,2))
                    for o=1:size(yol_2,2)
                        gecici=yol_2(i,o);
                        yol_2(i,o)=yol_2(j,o);
                        yol_2(j,o)=gecici;
                    end
                end
            end
        end
     

        for i=1:ck
            for j=1:size(yol_2,2)
                sonuc(i,j)=yol_2(i,j);
            end
        end
        yol_2=[];
        yol_2=sonuc;
        
        for i=1:ck
            for j=1:size(kr_maliyet,2)
                kr_maliyet2(i,j)=kr_maliyet(i,j);
            end
        end
        kr_maliyet=[];
        kr_maliyet=kr_maliyet2;
        if yol_2(1,size(yol_2,2))<499
            sart=0;
        end
        
        en_kisa_yol=yol_2(1,size(yol_2,2));
        
        
        if sart~=1
        yol_2(:,size(yol_2,2))=[];
        end
        
%         caprazlama,mutasyon,tekrar2,en_kisa_yol
        
%     sart=sart-1;


tum_iterasyonlar(repeat_until)=en_kisa_yol;


    end
    if syc==1
        if tum_iterasyonlar(length(tum_iterasyonlar))<kayit
            kayit=tum_iterasyonlar;
        end
    else
        if tum_iterasyonlar(length(tum_iterasyonlar))<kayit(length(tum_iterasyonlar))
            kayit=tum_iterasyonlar;
        end
    end
    
    zaman=toc();
    final_data(syc,1)=syc;
    final_data(syc,2)=caprazlama;
    final_data(syc,3)=mutasyon;
    final_data(syc,4)=tekrar2;
    final_data(syc,5)=zaman;
    final_data(syc,6)=en_kisa_yol;
    ss=0;
    for ff=7:size(yol_2,2)+6
        ss=ss+1;
        final_data(syc,ff)=yol_2(1,ss);
    end
    final_data;
        syc=syc+1
    end %30 adet tekrarýn end idir.
    end %mustasyon end i
    end %caprazlama for döngüsünün sonu
    
    xlswrite('sonuclar.xlsx',final_data);
    
%     satir=strcat('A',num2str(syc),':NTQ',num2str(syc));
    xlswrite('sonuc.xlsx',kayit,'A1:NTQ1');
    
    yol_2
    en_kisa_yol
    iterasyon_repeat_until
    iterasyon_caprazlama
    iterasyon_mutasyon


final_time=toc()
    
    
    